[gd_scene load_steps=4 format=3 uid="uid://b777c65ctpnd5"]

[ext_resource type="Script" path="res://cube_column_script.gd" id="1_udeya"]
[ext_resource type="PackedScene" uid="uid://bbi2wn8ie61fm" path="res://cube.tscn" id="2_moqpn"]

[sub_resource type="BoxMesh" id="BoxMesh_swkcc"]

[node name="CubeColumn" type="Node3D"]
script = ExtResource("1_udeya")
cubes_num = 8

[node name="DELETEME173154507" type="MeshInstance3D" parent="." instance=ExtResource("2_moqpn")]
transform = Transform3D(0.582685, -0.812698, 0, 0.772465, 0.553838, 0.310742, -0.252539, -0.181064, 0.950494, 1.71979, 3.6, 1.64949)
mesh = SubResource("BoxMesh_swkcc")

[node name="DELETEME2014804123" type="Timer" parent="."]
wait_time = 0.787593

[node name="DELETEME497283478" type="MeshInstance3D" parent="." instance=ExtResource("2_moqpn")]
transform = Transform3D(0.768154, -0.640265, 0, 0.481709, 0.577927, 0.658754, -0.421777, -0.506024, 0.752359, 1.35297, 2.7, -0.899852)
mesh = SubResource("BoxMesh_swkcc")

[node name="DELETEME2067534635" type="Timer" parent="."]
wait_time = 1.04334

[node name="DELETEME1023042234" type="MeshInstance3D" parent="." instance=ExtResource("2_moqpn")]
transform = Transform3D(1, 0.000255974, 0, -0.000138303, 0.540302, 0.841471, 0.000215395, -0.841471, 0.540302, 0.392901, 1.8, 0.44622)
mesh = SubResource("BoxMesh_swkcc")

[node name="DELETEME1022158208" type="Timer" parent="."]
wait_time = 1.08875

[node name="DELETEME2094151841" type="MeshInstance3D" parent="." instance=ExtResource("2_moqpn")]
transform = Transform3D(0.562223, -0.826986, 0, 0.805635, 0.547707, 0.225763, -0.186703, -0.126929, 0.974182, 1.3869, 0.9, -4.57461)
mesh = SubResource("BoxMesh_swkcc")

[node name="DELETEME2375013449" type="Timer" parent="."]
wait_time = 1.04289

[node name="DELETEME2460862970" type="MeshInstance3D" parent="." instance=ExtResource("2_moqpn")]
transform = Transform3D(0.572889, -0.819633, 0, 0.788311, 0.550996, -0.273804, 0.224419, 0.156859, 0.961786, -0.123847, 0, 0.468926)
mesh = SubResource("BoxMesh_swkcc")

[node name="DELETEME2770381972" type="Timer" parent="."]
wait_time = 0.794909

[node name="DELETEME1608260069" type="MeshInstance3D" parent="." instance=ExtResource("2_moqpn")]
transform = Transform3D(0.540494, 0.841348, 0, -0.841156, 0.540371, -0.0213603, -0.0179715, 0.0115451, 0.999772, 2.30977, -0.9, 0.96085)
mesh = SubResource("BoxMesh_swkcc")

[node name="DELETEME1694632907" type="Timer" parent="."]
wait_time = 1.17957

[node name="DELETEME133723697" type="MeshInstance3D" parent="." instance=ExtResource("2_moqpn")]
transform = Transform3D(0.603435, -0.797412, 0, 0.739096, 0.559305, -0.375387, 0.299338, 0.226522, 0.926868, -0.0112293, -1.8, 0.088684)
mesh = SubResource("BoxMesh_swkcc")

[node name="DELETEME1626925038" type="Timer" parent="."]
wait_time = 1.03849

[node name="DELETEME4165586846" type="MeshInstance3D" parent="." instance=ExtResource("2_moqpn")]
transform = Transform3D(0.993524, 0.113622, 0, -0.0620107, 0.54223, -0.837939, -0.0952082, 0.832513, 0.545764, 1.12128, -2.7, 0.0334652)
mesh = SubResource("BoxMesh_swkcc")

[node name="DELETEME3997138345" type="Timer" parent="."]
wait_time = 0.98723
